1762688347676 0.2025555232918511 0
1762693657641 0.1257038757884875 1
1762698747503 0.1000835689829352 2
1762703986384 0.08537380179755079 3
1762709301656 0.07331704163590136 4
1762714591071 0.06726087564517123 5
1762719697896 0.06016404555867969 6
1762725002373 0.05404344871193947 7
1762730270796 0.04857976058928762 8
1762735563827 0.04684472210187232 9
1762740826002 0.04294779523909286 10
1762745893581 0.04086188886974317 11
1762751148018 0.03865447700063426 12
1762756406592 0.03543117867123995 13
